# ./mat_gen --rows 7 --cols 7 
# Version = 1.0.2, Revision date = 15-Oct-2019
matrix 7 7
0.10916923271	0.786382584733	0.467442567212	0.194461156705	0.159598501008	0.107800609482	0.401691333112	
0.0967709310803	0.319538598563	0.992867911697	0.673315340967	0.473592544661	0.992118937425	0.884610735758	
0.487865331344	0.943729571041	0.603156947346	0.755459251234	0.921439410151	0.681107837558	0.769799660318	
0.919660028964	0.123867325542	0.627984808585	0.0525661106466	0.976068831503	0.0103251677986	0.305135794126	
0.932676805152	0.693113320364	0.260671731672	0.0418460378618	0.479495905097	0.72811429935	0.236307195032	
0.639094406105	0.835914908832	0.63799852861	0.735865337651	0.155453507395	0.630866439841	0.409180678618	
0.629046052056	0.622985377267	0.29379141391	0.1169113834	0.566714947841	0.896948361721	0.8723706351	
end
