# ./mat_gen --rows 8 --cols 8 
# Version = 1.0.2, Revision date = 15-Oct-2019
matrix 8 8
0.442686376834	0.493334713156	0.919912732169	0.782232388287	0.2072416666	0.528839044053	0.727858792864	0.399991971161	
0.662300432409	0.887331664044	0.923452122567	0.588634024648	0.24505061947	0.021350710197	0.130139594027	0.892315132959	
0.353332358111	0.163784630673	0.709359290874	0.758252657372	0.444253143596	0.408494430784	0.311816136498	0.616898913224	
0.393873044007	0.0792635772746	0.658412283593	0.569337647673	0.670079381517	0.285725323616	0.33209500291	0.112765757885	
0.779060037238	0.252007735079	0.894998146638	0.986301703838	0.780846779598	0.622856939502	0.386293674999	0.443147212008	
0.510188603546	0.3097457971	0.0317812366559	0.755239223016	0.331096507763	0.161920831148	0.647554355975	0.684428865874	
0.325705462287	0.356913646849	0.442681523246	0.769958606348	0.765408078099	0.75449766021	0.386857519572	0.159281122107	
0.833761237484	0.0452698026995	0.72861876978	0.503840619001	0.330995126782	0.0607137726903	0.616606377352	0.11005516402	
end
